0.000000000000000000e+00 0.000000000000000000e+00 0.000000000000000000e+00 0.000000000000000000e+00 0.000000000000000000e+00
5.000000000000000000e-01 -2.940900000000000070e+00 3.829200000000000159e+00 2.778999999999999804e-01 -1.457750000000000101e+00
1.000000000000000000e+00 -3.478099999999999969e+00 6.735500000000000931e-01 2.955400000000000027e+00 -1.055390000000000050e+00
5.000000000000000000e-01 -3.297909999999999897e+00 -1.384349999999999969e+00 1.398249999999999993e+00 -8.693950000000000289e-01
1.000000000000000000e+00 -3.196829999999999838e+00 -4.252500000000000169e-01 -2.431499999999999773e-01 -1.178234999999999921e+00
5.000000000000000000e-01 -3.322004999999999875e+00 -5.088350000000000151e+00 1.600500000000000034e+00 1.948914999999999953e+00
1.000000000000000000e+00 -2.568154999999999966e+00 -4.108550000000000146e+00 7.130000000000014104e-02 1.887699999999999934e+00
1.500000000000000000e+00 -4.547855000000000203e+00 -2.094100000000000072e+00 -1.079249999999998544e-01 -6.015000000000014779e-02
2.000000000000000000e+00 -4.278175000000000061e+00 -1.469000000000000306e-01 -2.516224999999999934e+00 -2.231050000000000200e+00
2.500000000000000000e+00 -5.039175000000000182e+00 -3.466050000000000075e+00 3.583250000000002267e-01 -2.284505000000000230e+00
2.000000000000000000e+00 -5.512834999999999930e+00 -3.180485000000000007e+00 -3.236824999999999619e+00 -1.946570000000000356e+00
2.500000000000000000e+00 -5.497725499999999599e+00 -3.706084999999999852e+00 -2.535624999999999574e+00 -1.559725000000000250e+00
2.000000000000000000e+00 -5.662345499999999809e+00 -1.478485000000000049e+00 -4.821524999999999395e+00 -1.065325000000000299e+00
1.500000000000000000e+00 -4.733145500000000006e+00 -5.421485000000000554e+00 -3.989374999999999449e+00 -1.461250000000002824e-01
2.000000000000000000e+00 -4.364345499999999767e+00 -2.995235000000000536e+00 -6.388674999999999216e+00 -2.979074999999999918e+00
2.500000000000000000e+00 -5.662395499999999693e+00 -7.669735000000001079e+00 -1.491574999999999207e+00 -3.119164999999999743e+00
3.000000000000000000e+00 -8.743995500000000476e+00 -3.314935000000001075e+00 -1.599679999999999325e+00 -4.936415000000000219e+00
3.500000000000000000e+00 -8.462835500000000621e+00 -2.814185000000001047e+00 -2.735979999999999634e+00 -4.939439300000000088e+00
4.000000000000000000e+00 -8.350675500000001250e+00 -3.074920000000000986e+00 -2.937909999999999577e+00 -4.338589299999999760e+00
3.500000000000000000e+00 -7.151525500000001756e+00 -9.377920000000001366e+00 -4.411109999999999864e+00 -1.444189299999999676e+00
4.000000000000000000e+00 -7.405605500000001840e+00 -7.943920000000001203e+00 -5.316510000000000069e+00 -2.574789299999999947e+00
3.500000000000000000e+00 -9.284105500000002564e+00 -5.232120000000000992e+00 -7.229260000000000019e+00 -1.948489299999999869e+00
4.000000000000000000e+00 -1.006515550000000303e+01 -6.338170000000000748e+00 -5.099709999999999965e+00 -1.808629299999999773e+00
4.500000000000000000e+00 -9.340105500000003502e+00 -4.534820000000000739e+00 -7.127559999999999896e+00 -2.606929300000000005e+00
4.000000000000000000e+00 -8.410905500000003698e+00 -8.477820000000001244e+00 -6.295410000000000394e+00 -1.687729299999999988e+00
4.500000000000000000e+00 -1.115130550000000298e+01 -4.386870000000000935e+00 -6.156320000000000014e+00 -4.203879300000000541e+00
5.000000000000000000e+00 -1.077916550000000306e+01 -6.273020000000000707e+00 -5.349770000000000358e+00 -3.416179300000000474e+00
4.500000000000000000e+00 -1.045680550000000331e+01 -3.969920000000000559e+00 -9.523270000000000124e+00 -2.061229300000000375e+00
5.000000000000000000e+00 -1.135560550000000291e+01 -7.354220000000000645e+00 -6.185620000000000118e+00 -1.611669300000000415e+00
4.500000000000000000e+00 -1.161535550000000327e+01 -5.722570000000001045e+00 -7.730370000000000630e+00 -1.119219300000000361e+00
5.000000000000000000e+00 -1.318650550000000266e+01 -1.224082000000000114e+01 1.082799999999997098e-01 -1.450044300000000286e+00
4.500000000000000000e+00 -1.434470550000000344e+01 -1.092682000000000109e+01 -1.468170000000000197e+00 -1.406934300000000304e+00
5.000000000000000000e+00 -1.333585550000000275e+01 -1.002772000000000041e+01 -2.947220000000000173e+00 -1.301984300000000205e+00
4.500000000000000000e+00 -1.390745550000000286e+01 -8.157070000000000931e+00 -5.736069999999999780e+00 -9.840943000000001994e-01
5.000000000000000000e+00 -1.316265550000000317e+01 -6.442670000000001451e+00 -7.751519999999999300e+00 -1.697044300000000172e+00
5.500000000000000000e+00 -1.229610550000000302e+01 -4.465470000000001605e+00 -1.012211999999999890e+01 -2.947894300000000189e+00
6.000000000000000000e+00 -1.262494050000000279e+01 -5.866370000000001639e+00 -8.266369999999998441e+00 -2.449199300000000079e+00
6.500000000000000000e+00 -1.430404050000000282e+01 -9.486570000000002167e+00 -2.545419999999998240e+00 -2.734764300000000148e+00
6.000000000000000000e+00 -1.510564050000000336e+01 -7.093420000000001835e+00 -6.805069999999997954e+00 -1.674614300000000222e+00
6.500000000000000000e+00 -1.450164050000000415e+01 -5.056220000000001491e+00 -9.186819999999997322e+00 -2.981064299999999889e+00
7.000000000000000000e+00 -1.577029050000000510e+01 -8.535720000000001306e+00 -4.784119999999997042e+00 -2.216614299999999815e+00
7.500000000000000000e+00 -1.487654050000000439e+01 -6.145720000000000738e+00 -7.352219999999997313e+00 -3.834714299999999909e+00
8.000000000000000000e+00 -1.426664050000000472e+01 -5.096620000000000594e+00 -8.949919999999996989e+00 -3.770499299999999998e+00
8.500000000000000000e+00 -1.325114050000000532e+01 -4.170620000000000438e+00 -1.045596999999999710e+01 -3.768997800000000176e+00
8.000000000000000000e+00 -1.260114050000000496e+01 -9.304520000000000124e+00 -8.979469999999997398e+00 -8.370978000000000030e-01
8.500000000000000000e+00 -1.140529050000000488e+01 -7.026270000000000238e+00 -1.147386999999999802e+01 -2.286447799999999919e+00
9.000000000000000000e+00 -1.217139050000000466e+01 -9.574569999999999581e+00 -8.134919999999997486e+00 -2.198957800000000073e+00
9.500000000000000000e+00 -1.138089050000000491e+01 -9.140024999999999622e+00 -9.291819999999997748e+00 -1.786897800000000203e+00
9.000000000000000000e+00 -1.154549050000000499e+01 -6.912424999999999820e+00 -1.157771999999999757e+01 -1.292497800000000252e+00
9.500000000000000000e+00 -1.193193050000000532e+01 -1.063607499999999995e+01 -8.331719999999997128e+00 -1.111902800000000191e+00
1.000000000000000000e+01 -1.113673050000000586e+01 -9.530025000000000190e+00 -9.890869999999997830e+00 -1.170527800000000118e+00
9.500000000000000000e+00 -1.139648050000000623e+01 -7.898374999999999702e+00 -1.143561999999999834e+01 -6.780778000000000638e-01
1.000000000000000000e+01 -1.395728050000000664e+01 -1.055427500000000052e+01 -6.243319999999997982e+00 -1.208677800000000024e+00
1.050000000000000000e+01 -1.350972050000000735e+01 -8.167374999999999829e+00 -8.664869999999996963e+00 -4.004127800000000015e+00
1.000000000000000000e+01 -1.376947050000000772e+01 -6.535724999999999341e+00 -1.020961999999999748e+01 -3.511677800000000182e+00
1.050000000000000000e+01 -1.540407050000000844e+01 -1.290602499999999964e+01 -2.430969999999997633e+00 -3.582587800000000211e+00
1.000000000000000000e+01 -1.635242050000000802e+01 -1.164787499999999909e+01 -3.835619999999997809e+00 -3.183877800000000313e+00
1.050000000000000000e+01 -1.625134050000000840e+01 -1.068877499999999969e+01 -5.477019999999997779e+00 -3.492717800000000317e+00
1.100000000000000000e+01 -1.549749050000000850e+01 -9.708974999999998801e+00 -7.006219999999997228e+00 -3.553932800000000114e+00
1.050000000000000000e+01 -1.566211050000000782e+01 -7.481374999999998998e+00 -9.292119999999997049e+00 -3.059532799999999941e+00
1.000000000000000000e+01 -1.473291050000000801e+01 -1.142437499999999950e+01 -8.459969999999996659e+00 -2.140332799999999924e+00
1.050000000000000000e+01 -1.436411050000000778e+01 -8.998124999999999929e+00 -1.085926999999999687e+01 -4.973282799999999781e+00
1.100000000000000000e+01 -1.471350550000000723e+01 -1.068667499999999926e+01 -8.798719999999995878e+00 -4.221132799999999463e+00
1.050000000000000000e+01 -1.497325550000000760e+01 -9.055024999999998769e+00 -1.034346999999999639e+01 -3.728682799999999631e+00
1.100000000000000000e+01 -1.396440550000000691e+01 -8.155924999999998093e+00 -1.182251999999999725e+01 -3.623732799999999532e+00
1.150000000000000000e+01 -1.628130550000000554e+01 -1.453137499999999704e+01 -3.464219999999997412e+00 -5.232132799999999584e+00
1.100000000000000000e+01 -1.685290550000000565e+01 -1.266072499999999756e+01 -6.253069999999997464e+00 -4.914242799999999356e+00
1.050000000000000000e+01 -1.764285550000000669e+01 -1.030692499999999789e+01 -1.021236999999999639e+01 -4.139892799999999262e+00
1.100000000000000000e+01 -1.689805550000000522e+01 -8.592524999999998414e+00 -1.222781999999999591e+01 -4.852842799999999457e+00
1.050000000000000000e+01 -1.650460550000000381e+01 -1.337567499999999754e+01 -1.033446999999999605e+01 -1.101142799999999422e+00
1.100000000000000000e+01 -1.850130550000000440e+01 -1.045902499999999691e+01 -1.006085499999999655e+01 -3.570092799999999400e+00
1.050000000000000000e+01 -1.876104050000000356e+01 -8.827374999999996419e+00 -1.160560499999999706e+01 -3.077632799999999502e+00
1.000000000000000000e+01 -1.743709050000000360e+01 -1.389607499999999618e+01 -1.094010499999999730e+01 -3.422827999999995541e-01
1.050000000000000000e+01 -1.764691550000000220e+01 -1.244137499999999541e+01 -1.183305499999999810e+01 -1.445732799999999596e+00
1.100000000000000000e+01 -1.704291550000000299e+01 -1.040417499999999507e+01 -1.421480499999999836e+01 -2.752182799999999485e+00
1.150000000000000000e+01 -1.956676550000000248e+01 -1.330532499999999452e+01 -8.592804999999998472e+00 -2.947232799999999653e+00
1.200000000000000000e+01 -1.867301550000000177e+01 -1.091532499999999395e+01 -1.116090499999999786e+01 -4.565332800000000191e+00
1.250000000000000000e+01 -1.799711550000000315e+01 -1.038557499999999401e+01 -1.233275499999999880e+01 -4.365342800000000523e+00
1.300000000000000000e+01 -1.698161550000000375e+01 -9.459574999999993850e+00 -1.383880499999999891e+01 -4.363841300000000700e+00
1.250000000000000000e+01 -1.633161550000000517e+01 -1.459347499999999442e+01 -1.236230499999999921e+01 -1.431941300000000528e+00
1.300000000000000000e+01 -1.513576550000000509e+01 -1.231522499999999454e+01 -1.485670499999999983e+01 -2.881291300000000444e+00
1.350000000000000000e+01 -1.590186550000000487e+01 -1.486352499999999388e+01 -1.151775499999999930e+01 -2.793801300000000598e+00
1.400000000000000000e+01 -1.511136550000000511e+01 -1.442897999999999392e+01 -1.267465499999999956e+01 -2.381741300000000727e+00
1.350000000000000000e+01 -1.527596550000000519e+01 -1.220137999999999323e+01 -1.496055499999999938e+01 -1.887341300000000777e+00
1.400000000000000000e+01 -1.761421550000000380e+01 -1.503317999999999266e+01 -9.476054999999998785e+00 -2.054586300000000865e+00
1.450000000000000000e+01 -1.681901550000000256e+01 -1.392712999999999290e+01 -1.103520499999999949e+01 -2.113211300000001014e+00
1.400000000000000000e+01 -1.707876550000000293e+01 -1.229547999999999242e+01 -1.257995500000000000e+01 -1.620761300000000960e+00
1.350000000000000000e+01 -1.733851550000000330e+01 -1.066382999999999193e+01 -1.412470500000000051e+01 -1.128311300000000905e+00
1.400000000000000000e+01 -1.897311550000000224e+01 -1.703412999999999045e+01 -6.346055000000000668e+00 -1.199221300000000934e+00
1.350000000000000000e+01 -1.992146550000000360e+01 -1.577597999999998990e+01 -7.750705000000000844e+00 -8.005113000000009249e-01
1.400000000000000000e+01 -2.041243050000000281e+01 -1.437817999999998975e+01 -8.367755000000000720e+00 -1.583911300000000910e+00
1.450000000000000000e+01 -1.965858050000000290e+01 -1.339837999999998885e+01 -9.896955000000000169e+00 -1.645126300000000930e+00
1.400000000000000000e+01 -1.982320050000000222e+01 -1.117077999999998994e+01 -1.218285499999999999e+01 -1.150726300000000979e+00
1.450000000000000000e+01 -1.872605050000000304e+01 -8.895629999999989934e+00 -1.467085499999999954e+01 -2.513426300000000779e+00
1.500000000000000000e+01 -2.063620050000000461e+01 -1.542317999999998968e+01 -6.191704999999998904e+00 -3.666026300000000848e+00
1.550000000000000000e+01 -1.991115050000000508e+01 -1.361982999999998967e+01 -8.219554999999999723e+00 -4.464326300000000636e+00
1.600000000000000000e+01 -1.925200050000000473e+01 -1.266897999999999058e+01 -9.875104999999999578e+00 -4.431790800000000807e+00
1.650000000000000000e+01 -1.841205050000000654e+01 -1.056557999999998998e+01 -1.214500499999999938e+01 -5.628340800000001032e+00
1.600000000000000000e+01 -1.708810050000000658e+01 -1.563427999999998974e+01 -1.147950499999999963e+01 -2.892990800000001084e+00
1.550000000000000000e+01 -1.734785050000000695e+01 -1.400262999999998925e+01 -1.302425500000000014e+01 -2.400540800000001251e+00
1.600000000000000000e+01 -1.633900050000000803e+01 -1.310352999999998858e+01 -1.450330500000000100e+01 -2.295590800000001153e+00
1.650000000000000000e+01 -1.775855050000000901e+01 -1.641852999999998985e+01 -9.260855000000001169e+00 -2.506155800000001044e+00
1.700000000000000000e+01 -1.701375050000000755e+01 -1.470412999999999037e+01 -1.127630500000000069e+01 -3.219105800000001238e+00
1.650000000000000000e+01 -1.727348550000000671e+01 -1.307247999999998989e+01 -1.282105500000000120e+01 -2.726645800000001341e+00
1.600000000000000000e+01 -1.719294550000000754e+01 -9.841279999999990480e+00 -1.699970500000000229e+01 -1.965845800000001198e+00
1.650000000000000000e+01 -1.807859550000000581e+01 -1.522452999999999079e+01 -1.189050500000000099e+01 -2.467995800000001072e+00
1.600000000000000000e+01 -1.854344550000000424e+01 -1.332597999999999061e+01 -1.421195500000000145e+01 -2.320145800000001035e+00
1.650000000000000000e+01 -1.764969550000000353e+01 -1.093597999999999004e+01 -1.678005500000000083e+01 -3.938245800000001129e+00
1.700000000000000000e+01 -1.841579550000000509e+01 -1.348427999999998939e+01 -1.344110500000000030e+01 -3.850755800000001283e+00
1.650000000000000000e+01 -1.858039550000000517e+01 -1.125667999999998869e+01 -1.572700500000000012e+01 -3.356355800000001111e+00
1.700000000000000000e+01 -2.091864550000000378e+01 -1.408847999999998812e+01 -1.024250500000000130e+01 -3.523600800000000977e+00
1.750000000000000000e+01 -2.012344550000000254e+01 -1.298242999999998837e+01 -1.180165500000000200e+01 -3.582225800000001126e+00
1.700000000000000000e+01 -2.038319550000000291e+01 -1.135077999999998788e+01 -1.334640500000000252e+01 -3.089775800000001293e+00
1.650000000000000000e+01 -2.064294550000000328e+01 -9.719129999999987390e+00 -1.489115500000000303e+01 -2.597325800000001461e+00
1.700000000000000000e+01 -2.227754550000000222e+01 -1.608942999999998591e+01 -7.112505000000003186e+00 -2.668235800000001490e+00
1.750000000000000000e+01 -2.152369550000000231e+01 -1.510962999999998502e+01 -8.641705000000003523e+00 -2.729450800000001287e+00
1.700000000000000000e+01 -2.168831550000000163e+01 -1.288202999999998610e+01 -1.092760500000000334e+01 -2.235050800000001114e+00
1.750000000000000000e+01 -2.115646550000000303e+01 -1.103417999999998678e+01 -1.300730500000000234e+01 -3.204000800000001092e+00
1.800000000000000000e+01 -2.005931550000000385e+01 -8.759029999999986771e+00 -1.549530500000000188e+01 -4.566700800000001337e+00
1.850000000000000000e+01 -2.196946550000000542e+01 -1.528657999999998651e+01 -7.016155000000001252e+00 -5.719300800000000962e+00
1.900000000000000000e+01 -2.124441550000000589e+01 -1.348322999999998650e+01 -9.044005000000002070e+00 -6.517600800000001193e+00
1.950000000000000000e+01 -2.058526550000000555e+01 -1.253237999999998564e+01 -1.069955500000000193e+01 -6.485065300000001365e+00
2.000000000000000000e+01 -1.974531550000000379e+01 -1.042897999999998504e+01 -1.296945500000000173e+01 -7.681615300000001589e+00
1.950000000000000000e+01 -1.881611550000000221e+01 -1.437197999999998466e+01 -1.213730500000000134e+01 -6.762415300000001572e+00
1.900000000000000000e+01 -1.849375550000000246e+01 -1.206887999999998407e+01 -1.631080500000000200e+01 -5.407465300000001918e+00
1.950000000000000000e+01 -2.029435550000000177e+01 -1.533832999999998492e+01 -1.104910500000000084e+01 -5.652300300000002053e+00
1.900000000000000000e+01 -2.055410550000000214e+01 -1.370667999999998443e+01 -1.259385500000000135e+01 -5.159850300000002221e+00
1.950000000000000000e+01 -1.954525550000000322e+01 -1.280757999999998376e+01 -1.407290500000000222e+01 -5.054900300000002566e+00
1.900000000000000000e+01 -1.915180550000000181e+01 -1.759072999999998288e+01 -1.217955500000000235e+01 -1.303200300000002532e+00
1.950000000000000000e+01 -2.114850550000000240e+01 -1.467407999999998225e+01 -1.190594000000000285e+01 -3.772150300000002510e+00
1.900000000000000000e+01 -2.140824050000000156e+01 -1.304242999999998176e+01 -1.345069000000000337e+01 -3.279690300000002612e+00
1.950000000000000000e+01 -2.051449050000000085e+01 -1.065242999999998119e+01 -1.601879000000000275e+01 -4.897790300000002262e+00
1.900000000000000000e+01 -1.986449050000000227e+01 -1.578632999999998177e+01 -1.454229000000000305e+01 -1.965890300000002089e+00
1.950000000000000000e+01 -1.866864050000000219e+01 -1.350807999999998188e+01 -1.703669000000000366e+01 -3.415240300000002005e+00
2.000000000000000000e+01 -2.100689050000000080e+01 -1.633987999999998308e+01 -1.155219000000000307e+01 -3.582485300000001871e+00
2.050000000000000000e+01 -2.021169049999999956e+01 -1.523382999999998333e+01 -1.311134000000000377e+01 -3.641110300000002020e+00
2.000000000000000000e+01 -2.047144049999999993e+01 -1.360217999999998284e+01 -1.465609000000000428e+01 -3.148660300000002188e+00
1.950000000000000000e+01 -2.073119050000000030e+01 -1.197052999999998235e+01 -1.620084000000000302e+01 -2.656210300000002356e+00
2.000000000000000000e+01 -2.236579049999999924e+01 -1.834082999999998265e+01 -8.422190000000004062e+00 -2.727120300000002384e+00
1.950000000000000000e+01 -2.331414050000000060e+01 -1.708267999999998210e+01 -9.826840000000004238e+00 -2.328410300000002486e+00
2.000000000000000000e+01 -2.256029050000000069e+01 -1.610287999999998121e+01 -1.135604000000000369e+01 -2.389625300000002284e+00
1.950000000000000000e+01 -2.272491050000000001e+01 -1.387527999999998229e+01 -1.364194000000000351e+01 -1.895225300000002333e+00
2.000000000000000000e+01 -2.162776050000000083e+01 -1.160012999999998229e+01 -1.612994000000000483e+01 -3.257925300000002355e+00
2.050000000000000000e+01 -2.353791050000000240e+01 -1.812767999999998381e+01 -7.650790000000004198e+00 -4.410525300000002424e+00
2.100000000000000000e+01 -2.281286050000000287e+01 -1.632432999999998202e+01 -9.678640000000005017e+00 -5.208825300000002656e+00
2.150000000000000000e+01 -2.215371050000000253e+01 -1.537347999999998294e+01 -1.133419000000000487e+01 -5.176289800000002828e+00
2.200000000000000000e+01 -2.131376050000000077e+01 -1.327007999999998233e+01 -1.360409000000000468e+01 -6.372839800000003052e+00
2.150000000000000000e+01 -2.099140050000000102e+01 -1.096697999999998174e+01 -1.777759000000000356e+01 -5.017889800000002509e+00
2.200000000000000000e+01 -2.279200050000000033e+01 -1.423642999999998082e+01 -1.251589000000000240e+01 -5.262724800000002645e+00
2.150000000000000000e+01 -2.305175050000000070e+01 -1.260477999999998033e+01 -1.406064000000000291e+01 -4.770274800000002813e+00
2.200000000000000000e+01 -2.204290050000000178e+01 -1.170567999999997966e+01 -1.553969000000000378e+01 -4.665324800000003158e+00
2.150000000000000000e+01 -2.139290050000000321e+01 -1.683957999999998023e+01 -1.406319000000000408e+01 -1.733424800000002985e+00
2.200000000000000000e+01 -2.064810050000000174e+01 -1.512517999999998075e+01 -1.607864000000000360e+01 -2.446374800000002736e+00
2.150000000000000000e+01 -2.090783550000000091e+01 -1.349352999999998026e+01 -1.762339000000000411e+01 -1.953914800000002838e+00
2.200000000000000000e+01 -2.266083550000000102e+01 -1.977687999999998070e+01 -1.004309000000000296e+01 -2.329994800000002808e+00
2.250000000000000000e+01 -2.524388550000000109e+01 -1.575522999999997964e+01 -1.002095750000000329e+01 -4.579144800000003457e+00
2.300000000000000000e+01 -2.463988550000000188e+01 -1.371802999999997930e+01 -1.240270750000000355e+01 -5.885594800000003346e+00
2.350000000000000000e+01 -2.374613550000000117e+01 -1.132802999999997873e+01 -1.497080750000000293e+01 -7.503694800000003440e+00
2.400000000000000000e+01 -2.273063550000000177e+01 -1.040202999999997857e+01 -1.647685750000000127e+01 -7.502193300000003617e+00
2.350000000000000000e+01 -2.208063550000000319e+01 -1.553592999999997915e+01 -1.500035750000000156e+01 -4.570293300000003001e+00
2.400000000000000000e+01 -2.088478550000000311e+01 -1.325767999999997926e+01 -1.749475750000000218e+01 -6.019643300000002917e+00
2.350000000000000000e+01 -2.049133550000000170e+01 -1.804082999999997838e+01 -1.560140750000000232e+01 -2.267943300000002882e+00
2.300000000000000000e+01 -2.065593550000000178e+01 -1.581322999999997947e+01 -1.788730750000000214e+01 -1.773543300000002931e+00
2.250000000000000000e+01 -2.091568550000000215e+01 -1.418157999999997898e+01 -1.943205750000000265e+01 -1.281093300000002877e+00
2.300000000000000000e+01 -2.255028550000000109e+01 -2.055187999999997928e+01 -1.165340750000000369e+01 -1.352003300000002906e+00
2.250000000000000000e+01 -2.349863550000000245e+01 -1.929372999999997873e+01 -1.305805750000000387e+01 -9.532933000000028967e-01
2.300000000000000000e+01 -2.274478550000000254e+01 -1.831392999999997784e+01 -1.458725750000000332e+01 -1.014508300000002805e+00
2.250000000000000000e+01 -2.290940550000000187e+01 -1.608632999999997892e+01 -1.687315750000000492e+01 -5.201083000000028544e-01
2.300000000000000000e+01 -2.181225550000000268e+01 -1.381117999999997892e+01 -1.936115750000000446e+01 -1.882808300000002877e+00
2.350000000000000000e+01 -2.372240550000000425e+01 -2.033872999999997688e+01 -1.088200750000000383e+01 -3.035408300000002946e+00
2.400000000000000000e+01 -2.299735550000000472e+01 -1.853537999999997510e+01 -1.290985750000000465e+01 -3.833708300000003177e+00
2.450000000000000000e+01 -2.215740550000000297e+01 -1.643197999999997450e+01 -1.517975750000000446e+01 -5.030258300000003402e+00
2.400000000000000000e+01 -2.183504550000000322e+01 -1.412887999999997390e+01 -1.935325750000000511e+01 -3.675308300000003303e+00
2.450000000000000000e+01 -2.363564550000000253e+01 -1.739832999999997298e+01 -1.409155750000000396e+01 -3.920143300000003439e+00
2.400000000000000000e+01 -2.389539550000000290e+01 -1.576667999999997249e+01 -1.563630750000000447e+01 -3.427693300000003607e+00
2.450000000000000000e+01 -2.288654550000000398e+01 -1.486757999999997182e+01 -1.711535750000000533e+01 -3.322743300000003508e+00
2.400000000000000000e+01 -2.314628050000000314e+01 -1.323592999999997133e+01 -1.866010750000000584e+01 -2.830283300000003610e+00
2.450000000000000000e+01 -2.489928050000000326e+01 -1.951927999999997354e+01 -1.107980750000000469e+01 -3.206363300000003580e+00
2.500000000000000000e+01 -2.459562550000000414e+01 -1.754207999999997369e+01 -1.346580750000000393e+01 -5.449013300000003390e+00
2.550000000000000000e+01 -2.370187550000000343e+01 -1.515207999999997313e+01 -1.603390750000000509e+01 -7.067113300000003484e+00
2.600000000000000000e+01 -2.268637550000000402e+01 -1.422607999999997297e+01 -1.753995750000000697e+01 -7.065611800000003662e+00
2.550000000000000000e+01 -2.203637550000000545e+01 -1.935997999999997177e+01 -1.606345750000000550e+01 -4.133711800000003933e+00
2.600000000000000000e+01 -2.084052550000000537e+01 -1.708172999999997188e+01 -1.855785750000000434e+01 -5.583061800000003849e+00
2.550000000000000000e+01 -2.100512550000000545e+01 -1.485412999999997297e+01 -2.084375750000000238e+01 -5.088661800000004121e+00
2.600000000000000000e+01 -2.334337550000000405e+01 -1.768592999999997417e+01 -1.535925750000000178e+01 -5.255906800000004431e+00
2.650000000000000000e+01 -2.254817550000000281e+01 -1.657987999999997442e+01 -1.691840750000000071e+01 -5.314531800000004580e+00
2.600000000000000000e+01 -2.280792550000000318e+01 -1.494822999999997393e+01 -1.846315750000000122e+01 -4.822081800000004748e+00
2.550000000000000000e+01 -2.306767550000000355e+01 -1.331657999999997344e+01 -2.000790750000000173e+01 -4.329631800000004915e+00
2.600000000000000000e+01 -2.470227550000000249e+01 -1.968687999999997373e+01 -1.222925750000000278e+01 -4.400541800000004500e+00
2.650000000000000000e+01 -2.394842550000000259e+01 -1.870707999999997284e+01 -1.375845750000000223e+01 -4.461756800000004297e+00
2.600000000000000000e+01 -2.411304550000000191e+01 -1.647947999999997393e+01 -1.604435750000000382e+01 -3.967356800000004124e+00
2.650000000000000000e+01 -2.301589550000000273e+01 -1.420432999999997392e+01 -1.853235750000000337e+01 -5.330056800000003925e+00
2.700000000000000000e+01 -2.492604550000000430e+01 -2.073187999999997544e+01 -1.005320750000000274e+01 -6.482656800000004438e+00
2.750000000000000000e+01 -2.420099550000000477e+01 -1.892852999999997365e+01 -1.208105750000000356e+01 -7.280956800000004669e+00
2.800000000000000000e+01 -2.354184550000000442e+01 -1.797767999999997457e+01 -1.373660750000000341e+01 -7.248421300000004841e+00
2.850000000000000000e+01 -2.270189550000000622e+01 -1.587427999999997397e+01 -1.600650750000000500e+01 -8.444971300000004177e+00
2.800000000000000000e+01 -2.237953550000000646e+01 -1.357117999999997338e+01 -2.018000750000000565e+01 -7.090021300000003635e+00
2.850000000000000000e+01 -2.418013550000000578e+01 -1.684062999999997245e+01 -1.491830750000000450e+01 -7.334856300000003770e+00
2.800000000000000000e+01 -2.443988550000000615e+01 -1.520897999999997197e+01 -1.646305750000000501e+01 -6.842406300000003938e+00
2.850000000000000000e+01 -2.343103550000000723e+01 -1.430987999999997129e+01 -1.794210750000000587e+01 -6.737456300000004283e+00
2.800000000000000000e+01 -2.278103550000000865e+01 -1.944377999999997186e+01 -1.646560750000000439e+01 -3.805556300000004111e+00
2.850000000000000000e+01 -2.203623550000000719e+01 -1.772937999999997061e+01 -1.848105750000000569e+01 -4.518506300000003861e+00
2.800000000000000000e+01 -2.229597050000000635e+01 -1.609772999999997012e+01 -2.002580750000000620e+01 -4.026046300000003519e+00
2.850000000000000000e+01 -2.397507050000000817e+01 -1.971792999999997065e+01 -1.430485750000000600e+01 -4.311611300000003588e+00
2.900000000000000000e+01 -2.337107050000000896e+01 -1.768072999999997208e+01 -1.668660750000000448e+01 -5.618061300000003477e+00
2.950000000000000000e+01 -2.235557050000000956e+01 -1.675472999999997370e+01 -1.819265750000000281e+01 -5.616559800000003655e+00
2.900000000000000000e+01 -2.252017050000000964e+01 -1.452712999999997479e+01 -2.047855750000000086e+01 -5.122159800000003926e+00
2.950000000000000000e+01 -2.485842050000000825e+01 -1.735892999999997599e+01 -1.499405750000000026e+01 -5.289404800000004236e+00
3.000000000000000000e+01 -2.406322050000000701e+01 -1.625287999999997623e+01 -1.655320749999999919e+01 -5.348029800000004386e+00
2.950000000000000000e+01 -2.432297050000000738e+01 -1.462122999999997575e+01 -1.809795749999999970e+01 -4.855579800000004553e+00
2.900000000000000000e+01 -2.458272050000000775e+01 -1.298957999999997526e+01 -1.964270750000000021e+01 -4.363129800000004721e+00
2.950000000000000000e+01 -2.621732050000000669e+01 -1.935987999999997555e+01 -1.186405750000000126e+01 -4.434039800000004306e+00
3.000000000000000000e+01 -2.546347050000000678e+01 -1.838007999999997466e+01 -1.339325750000000070e+01 -4.495254800000004103e+00
2.950000000000000000e+01 -2.562809050000000610e+01 -1.615247999999997575e+01 -1.567915750000000052e+01 -4.000854800000004374e+00
3.000000000000000000e+01 -2.453094050000000692e+01 -1.387732999999997574e+01 -1.816715750000000185e+01 -5.363554800000004619e+00
2.950000000000000000e+01 -2.360174050000000534e+01 -1.782032999999997713e+01 -1.733500750000000323e+01 -4.444354800000004602e+00
2.900000000000000000e+01 -2.386149050000000571e+01 -1.618867999999997664e+01 -1.887975750000000374e+01 -3.951904800000004769e+00
2.850000000000000000e+01 -2.412122550000000487e+01 -1.455702999999997616e+01 -2.042450750000000426e+01 -3.459444800000004872e+00
2.900000000000000000e+01 -2.587422550000000498e+01 -2.084037999999997481e+01 -1.284420750000000311e+01 -3.835524800000004841e+00
2.850000000000000000e+01 -2.615952550000000443e+01 -2.082797999999997529e+01 -1.346525750000000343e+01 -3.554474800000004819e+00
2.900000000000000000e+01 -2.555552550000000522e+01 -1.879077999999997672e+01 -1.584700750000000369e+01 -4.860924800000004709e+00
2.950000000000000000e+01 -2.466177550000000451e+01 -1.640077999999997616e+01 -1.841510750000000485e+01 -6.479024800000004802e+00
2.900000000000000000e+01 -2.426832550000000310e+01 -2.118392999999997528e+01 -1.652175750000000320e+01 -2.727324800000004767e+00
2.850000000000000000e+01 -2.443292550000000318e+01 -1.895632999999997637e+01 -1.880765750000000480e+01 -2.232924800000004595e+00
2.800000000000000000e+01 -2.469267550000000355e+01 -1.732467999999997588e+01 -2.035240750000000531e+01 -1.740474800000004540e+00
2.750000000000000000e+01 -2.495242550000000392e+01 -1.569302999999997539e+01 -2.189715750000000583e+01 -1.248024800000004486e+00
2.800000000000000000e+01 -2.658702550000000286e+01 -2.206332999999997568e+01 -1.411850750000000687e+01 -1.318934800000004515e+00
2.850000000000000000e+01 -2.583317550000000296e+01 -2.108352999999997479e+01 -1.564770750000000632e+01 -1.380149800000004534e+00
2.800000000000000000e+01 -2.599779550000000228e+01 -1.885592999999997588e+01 -1.793360750000000792e+01 -8.857498000000045835e-01
2.850000000000000000e+01 -2.490064550000000310e+01 -1.658077999999997587e+01 -2.042160750000000746e+01 -2.248449800000004828e+00
2.900000000000000000e+01 -2.681079550000000467e+01 -2.310832999999997384e+01 -1.194245750000000683e+01 -3.401049800000004897e+00
2.950000000000000000e+01 -2.608574550000000514e+01 -2.130497999999997205e+01 -1.397030750000000765e+01 -4.199349800000004684e+00
3.000000000000000000e+01 -2.524579550000000694e+01 -1.920157999999997145e+01 -1.624020750000000746e+01 -5.395899800000004909e+00
2.950000000000000000e+01 -2.492343550000000718e+01 -1.689847999999997086e+01 -2.041370750000000811e+01 -4.040949800000005254e+00
2.900000000000000000e+01 -2.518318550000000755e+01 -1.526682999999997037e+01 -2.195845750000000862e+01 -3.548499800000005422e+00
2.950000000000000000e+01 -2.675433550000000693e+01 -2.178507999999997224e+01 -1.411980750000000739e+01 -3.879324800000005347e+00
3.000000000000000000e+01 -2.574548550000000802e+01 -2.088597999999997157e+01 -1.559885750000000826e+01 -3.774374800000005248e+00
3.050000000000000000e+01 -2.500068550000000656e+01 -1.917157999999997031e+01 -1.761430750000000955e+01 -4.487324800000004998e+00
3.000000000000000000e+01 -2.526042050000000572e+01 -1.753992999999996982e+01 -1.915905750000001007e+01 -3.994864800000005101e+00
3.050000000000000000e+01 -2.406457050000000564e+01 -1.526167999999996994e+01 -2.165345750000000891e+01 -5.444214800000004573e+00
3.100000000000000000e+01 -2.483067050000000719e+01 -1.780997999999997106e+01 -1.831450750000000838e+01 -5.356724800000004727e+00
3.050000000000000000e+01 -2.499527050000000727e+01 -1.558237999999997214e+01 -2.060040750000000997e+01 -4.862324800000004998e+00
3.000000000000000000e+01 -2.525502050000000764e+01 -1.395072999999997165e+01 -2.214515750000001049e+01 -4.369874800000005166e+00
3.050000000000000000e+01 -2.622547050000000723e+01 -1.829312999999996947e+01 -1.756765750000000992e+01 -3.899629800000004920e+00
3.000000000000000000e+01 -2.648522050000000760e+01 -1.666147999999996898e+01 -1.911240750000001043e+01 -3.407179800000005088e+00
2.950000000000000000e+01 -2.664984050000000693e+01 -1.443387999999997007e+01 -2.139830750000000847e+01 -2.912779800000004915e+00
2.900000000000000000e+01 -2.572064050000000535e+01 -1.837687999999997146e+01 -2.056615750000000986e+01 -1.993579800000004898e+00
2.950000000000000000e+01 -2.462349050000000616e+01 -1.610172999999997145e+01 -2.305415750000000941e+01 -3.356279800000004698e+00
3.000000000000000000e+01 -2.653364050000000773e+01 -2.262927999999997297e+01 -1.457500750000000878e+01 -4.508879800000004323e+00
3.050000000000000000e+01 -2.580859050000000821e+01 -2.082592999999997119e+01 -1.660285750000000959e+01 -5.307179800000004555e+00
3.100000000000000000e+01 -2.496864050000000645e+01 -1.872252999999997058e+01 -1.887275750000000940e+01 -6.503729800000004779e+00
3.050000000000000000e+01 -2.522839050000000682e+01 -1.709087999999997010e+01 -2.041750750000000991e+01 -6.011279800000004947e+00
3.000000000000000000e+01 -2.483494050000000541e+01 -2.187402999999996922e+01 -1.852415750000000827e+01 -2.259579800000004912e+00
2.950000000000000000e+01 -2.509467550000000458e+01 -2.024237999999996873e+01 -2.006890750000000878e+01 -1.767119800000005014e+00
3.000000000000000000e+01 -2.420092550000000386e+01 -1.785237999999996816e+01 -2.263700750000000994e+01 -3.385219800000005108e+00
2.950000000000000000e+01 -2.436552550000000394e+01 -1.562477999999996925e+01 -2.492290750000000799e+01 -2.890819800000004935e+00
3.000000000000000000e+01 -2.626917550000000290e+01 -1.967332999999996801e+01 -1.983430750000000842e+01 -2.565399800000005115e+00
2.950000000000000000e+01 -2.652892550000000327e+01 -1.804167999999996752e+01 -2.137905750000000893e+01 -2.072949800000005283e+00
2.900000000000000000e+01 -2.678867550000000364e+01 -1.641002999999996703e+01 -2.292380750000000944e+01 -1.580499800000005228e+00
2.950000000000000000e+01 -2.842327550000000258e+01 -2.278032999999996733e+01 -1.514515750000001049e+01 -1.651409800000005257e+00
